Training_error =
[2.54045361 2.44803914 2.38999028 2.38786107 2.35658056 2.35944422
 2.3556977  2.35017522 2.33326523 2.35153314 2.33996394 2.34483667
 2.33479858 2.33585256 2.31952406 2.32265224 2.33390131 2.33280179
 2.32871882 2.31289071 2.33739246 2.32882671 2.32981751 2.32047041
 2.33064562 2.32645875 2.33432994 2.34077427 2.32885173 2.33290665
 2.33276284 2.31049052 2.32505373 2.32383944 2.32583282 2.32368604
 2.32856591 2.32718582 2.32721797 2.33261105 2.32794794 2.32155346
 2.3174477  2.31454793 2.31806825 2.31826337 2.31093576 2.32547979
 2.32335798 2.32856141 2.32737362 2.32069874 2.32608329 2.31978659
 2.3158044  2.31718806 2.30968418 2.32338999 2.32857848 2.32186857
 2.32571913 2.32597944 2.32267374 2.3155904  2.32182194 2.31905598
 2.30989339 2.32488316 2.32433508 2.32276552 2.3259796  2.33173702
 2.32337971 2.31837503 2.31841168 2.32358611 2.32326883 2.32470593
 2.32823149 2.32305515 2.32806381 2.32833627 2.3152963  2.32815395
 2.32889656 2.32495926 2.31195126 2.31877    2.31322546 2.31926664
 2.3334529  2.32494705 2.32134021 2.32578656 2.31117261 2.33105673
 2.31541932 2.31867633 2.32190315]

 Testing_error = 
[4.27673332 4.10837759 4.06470842 4.05991803 4.01648994 3.97594966
 4.00089716 4.00118873 3.98180669 3.99319789 3.98490509 4.00397448
 4.00714437 3.99070609 4.00056657 3.96590184 3.99125811 3.99605705
 3.9983788  3.97141519 3.99693449 3.97779764 3.99189401 3.98331835
 3.98139353 3.97358383 3.97605312 3.97438266 3.99065775 3.98131541
 3.98696215 3.97855239 3.96999825 3.97994327 3.98286402 3.97956535
 3.99404129 3.99026577 3.98005112 3.98558123 3.98082122 3.9836343
 3.97033905 3.97667963 3.98540487 3.97948614 3.97868843 3.97822014
 3.96844128 3.97405812 3.96774172 3.97141732 3.97260545 3.97126051
 3.9789137  3.96775763 3.96990438 3.98321394 3.97067789 3.97176148
 3.9735947  3.96924722 3.9866625  3.96998995 3.96994089 3.9734437
 3.96835233 3.97049444 3.97745606 3.96890346 3.97225444 3.97356415
 3.97481267 3.9725721  3.972321   3.96815872 3.97634189 3.97678745
 3.97578751 3.97505245 3.97599366 3.98133739 3.97856948 3.97149705
 3.97765927 3.97621799 3.98531925 3.96839017 3.97416125 3.96771703
 3.97402454 3.968793   3.96472886 3.97380356 3.97015063 3.98237861
 3.97112023 3.96955729 3.96956876]

 STD_test = 
[0.06263467 0.08994855 0.06624184 0.03933081 0.03949037 0.04394615
 0.03008445 0.03535212 0.04306881 0.04599071 0.04712881 0.02337407
 0.03517761 0.0317231  0.03708069 0.03649447 0.02558608 0.02580184
 0.02212577 0.01902129 0.02039898 0.01954127 0.02186239 0.01851478
 0.01871139 0.02605285 0.01492682 0.02288476 0.02631101 0.01705176
 0.03536404 0.02931437 0.02701764 0.02583542 0.02855867 0.01892985
 0.01155735 0.01989909 0.01784998 0.02063329 0.01534298 0.01742375
 0.01700288 0.02118139 0.02195115 0.00786617 0.01874189 0.0190401
 0.02310609 0.0206097  0.01768252 0.014494   0.01864788 0.01715534
 0.01906105 0.01517121 0.01766241 0.01879105 0.01429425 0.02139537
 0.01441947 0.0125744  0.01638228 0.01591658 0.00893189 0.01999441
 0.01886768 0.02089022 0.01476139 0.01518723 0.01292291 0.00879757
 0.01206588 0.01398037 0.01564798 0.01814316 0.01946314 0.01848162
 0.00751671 0.01555911 0.01539234 0.00982184 0.01474482 0.01511686
 0.01393364 0.01514712 0.00472491 0.01186373 0.0184186  0.00961042
 0.01548969 0.01218878 0.00889622 0.00593057 0.01455164 0.00829475
 0.01565717 0.01114696 0.01158607]